20
14 6 12 3 17 9 5 19 4 0 15 11 16 8 18 10 2 7 13 1
500
10 9 7
12 14 1
4 5 7
13 15 3
15 4 6
3 16 13
6 15 14
0 15 8
13 18 12
7 3 12
2 8 6
12 10 1
5 9 2
1 9 6
3 16 10
15 8 10
3 14 9
5 3 12
11 16 9
14 8 18
17 7 12
9 4 1
9 16 18
6 7 14
2 10 16
15 9 6
0 8 19
8 13 1
9 6 10
10 4 1
16 18 19
3 5 10
2 18 9
15 5 6
11 17 7
4 5 11
9 18 12
17 15 16
8 0 4
13 5 3
12 17 10
15 13 12
11 16 17
19 17 13
17 3 16
3 19 1
5 15 8
15 10 2
17 16 1
15 6 16
8 2 11
12 14 16
8 11 13
18 1 8
10 3 14
2 11 14
8 2 12
13 10 17
8 2 1
7 4 3
5 17 18
17 4 12
19 15 8
6 17 19
9 0 14
15 12 16
14 5 19
15 6 10
4 5 18
10 18 14
7 19 13
10 2 5
13 8 4
0 11 17
1 8 15
2 3 7
10 16 13
1 16 14
11 5 13
10 16 12
9 14 10
2 14 1
0 2 3
12 0 10
6 16 13
19 16 8
7 8 5
14 9 18
16 3 18
3 15 18
8 11 5
13 4 5
8 6 7
3 6 11
4 6 18
14 9 11
18 13 19
7 18 9
11 7 3
10 7 11
1 7 10
5 10 7
7 12 14
1 10 19
9 2 6
2 17 12
4 14 2
5 3 7
4 8 18
15 18 1
10 1 18
2 4 3
18 0 3
19 2 6
19 12 4
2 7 0
12 9 11
14 12 11
2 3 12
16 0 18
4 16 14
12 17 9
17 1 14
1 15 17
11 4 13
3 4 1
1 18 5
0 11 18
10 2 17
3 14 4
3 17 0
9 8 17
10 11 19
18 0 10
17 4 13
15 10 19
11 18 5
16 4 19
0 3 7
0 5 9
0 3 16
5 0 10
15 9 12
4 16 2
6 0 14
4 18 10
19 5 2
2 16 17
1 5 12
14 17 2
12 13 1
16 2 15
8 6 10
5 3 2
19 2 13
2 0 5
5 17 1
12 2 1
5 4 10
12 4 13
16 18 10
11 19 1
19 8 7
12 4 0
18 10 5
0 10 9
13 18 11
5 0 14
0 4 5
19 18 9
15 8 17
0 15 16
2 16 5
5 9 11
8 7 16
18 0 9
2 7 15
11 8 19
6 2 7
6 9 18
11 3 2
6 9 14
10 19 17
0 4 14
1 10 0
14 12 4
4 7 19
13 8 12
9 3 11
18 11 12
8 18 15
16 2 19
6 4 16
16 10 6
17 16 13
2 7 11
16 11 6
18 14 7
4 19 17
11 9 8
16 0 10
4 2 13
11 16 13
3 11 8
6 18 2
18 11 14
15 2 13
15 10 12
16 6 18
3 10 2
19 0 9
7 13 10
7 2 18
7 17 3
0 10 7
11 12 8
10 11 2
5 12 14
1 18 19
11 4 2
4 9 7
10 9 13
15 13 9
0 8 13
16 5 17
1 2 5
19 14 18
8 11 4
2 9 1
15 8 4
7 13 12
13 2 5
11 1 5
19 0 17
17 11 6
14 11 7
15 10 14
0 18 13
17 6 0
2 19 17
13 18 17
0 16 14
16 10 9
9 8 10
6 5 13
6 14 19
4 14 15
6 8 18
5 11 7
16 17 12
8 19 5
15 2 1
0 16 1
6 11 13
5 17 10
11 4 18
0 16 4
18 15 13
3 12 13
2 19 3
8 2 4
0 1 6
19 5 1
14 8 2
2 15 9
8 18 13
7 19 14
6 4 7
6 12 5
6 18 1
6 9 5
2 18 0
3 19 10
2 17 6
18 8 17
4 9 6
0 13 3
2 13 1
10 1 3
17 14 8
7 1 8
3 14 13
7 2 9
4 0 2
4 2 12
18 7 0
18 15 2
6 4 0
0 8 1
18 11 17
13 9 3
2 10 9
8 4 10
4 2 19
18 12 10
14 3 18
15 14 1
1 16 5
9 17 11
7 15 1
2 10 12
8 19 1
0 16 13
17 15 18
14 12 17
16 18 17
17 14 15
16 9 3
11 18 7
9 19 1
15 9 3
16 8 14
10 4 17
16 4 3
19 8 10
13 5 12
16 18 5
17 3 6
3 1 6
0 18 12
16 5 10
16 19 10
1 7 3
3 15 8
10 16 4
6 19 1
4 9 15
11 0 12
17 12 1
4 17 8
3 6 14
19 8 2
16 18 14
19 5 4
17 3 14
18 16 1
16 0 9
11 13 9
12 8 6
17 11 2
9 5 12
15 17 6
0 11 9
4 5 6
15 19 1
2 18 8
11 16 14
0 8 3
13 1 17
14 2 7
4 5 17
7 16 14
15 0 13
2 17 3
10 16 17
8 2 3
10 15 5
2 10 0
5 10 1
9 8 3
3 9 4
15 3 6
12 17 0
2 3 13
2 9 12
10 16 14
17 3 15
4 15 12
12 3 4
5 8 17
8 15 9
2 15 12
10 1 8
19 18 7
0 12 2
19 17 11
14 3 7
15 4 16
0 11 1
8 9 7
13 1 7
7 0 4
2 6 14
17 4 11
1 0 3
4 11 16
7 9 1
5 3 1
12 19 15
8 16 9
17 4 16
5 19 16
6 13 1
19 18 3
2 4 5
11 16 12
3 11 13
2 15 3
8 7 14
15 9 14
4 13 1
17 18 14
11 5 10
14 0 1
9 0 1
8 17 10
1 0 5
6 10 7
3 8 18
5 9 14
8 5 12
15 16 19
18 19 6
0 6 11
14 5 13
7 2 13
15 4 11
19 5 17
4 2 6
15 4 7
19 0 7
7 5 13
13 5 17
13 10 14
2 12 7
10 16 15
15 4 5
11 6 18
3 15 11
1 19 14
2 13 12
9 12 1
9 7 3
9 3 12
4 10 7
17 10 14
9 4 10
8 9 1
2 5 6
7 10 19
9 19 3
2 13 9
1 9 14
16 13 15
19 15 3
4 5 14
6 9 8
7 11 9
2 1 6
1 2 19
3 12 10
16 13 9
6 12 17
3 8 7
3 4 10
17 18 6
5 9 7
14 3 8
7 8 12
9 0 13
12 9 16
18 9 10
10 18 7
6 3 13
10 2 4
4 17 2
14 0 18
16 0 6
6 8 13
4 0 11
1 16 6
15 7 9
12 4 18
5 8 13
16 13 4
9 13 17
4 8 5
9 19 4
17 6 9
8 16 10
19 11 12
1 10 16
3 10 6
6 16 2
3 12 11
15 19 7
11 16 15
0 17 7
15 4 17
9 11 1
19 4 15
10 7 17
4 5 12
5 2 12
4 16 8
5 1 9
12 6 13
17 18 1
17 4 6
6 18 10
