50
36 37 11 23 9 25 31 12 7 5 19 44 40 13 38 1 47 46 2 28 39 16 3 24 6 32 8 29 33 45 14 34 10 15 30 17 27 22 26 41 20 49 4 35 0 42 21 43 18 48
500
47 5 43
43 2 9
48 34 47
43 42 4
26 49 48
5 31 40
16 23 34
36 7 40
40 41 37
43 49 46
47 21 18
47 45 19
47 11 8
35 20 34
9 25 31
34 5 0
45 3 18
41 47 37
3 34 9
22 48 1
34 28 31
25 37 38
16 24 30
22 17 36
27 16 0
24 35 0
6 26 31
13 21 12
6 47 37
22 6 21
21 17 19
30 2 40
26 37 41
28 19 25
19 4 12
18 30 47
43 6 28
11 47 39
8 1 5
6 24 32
13 11 29
45 26 24
45 0 42
37 13 20
37 9 15
48 43 19
2 29 22
31 27 35
39 1 13
48 14 12
16 24 21
36 7 28
24 43 31
36 30 20
32 17 41
44 7 23
27 16 18
47 33 49
17 3 0
42 0 7
13 22 5
17 20 3
3 4 9
12 31 33
16 47 17
16 12 17
32 10 43
42 8 44
37 39 32
24 25 9
24 42 43
8 21 23
19 33 34
14 28 20
45 29 4
17 42 24
8 17 24
24 29 25
25 30 27
29 25 20
0 29 43
46 7 24
35 41 27
8 13 14
4 3 36
38 5 25
7 3 22
1 12 32
31 39 15
3 40 19
13 40 21
29 26 49
7 39 42
29 28 49
40 15 4
6 19 11
45 19 26
37 19 8
31 28 16
19 3 23
35 26 19
8 22 32
16 5 9
10 27 37
14 3 13
26 19 43
43 32 24
42 4 1
26 6 23
49 3 35
35 8 1
12 40 4
20 27 35
38 40 10
28 39 4
6 30 40
26 21 8
14 33 5
19 23 30
42 35 5
2 10 35
2 16 45
8 47 35
5 33 48
5 49 42
24 26 41
48 8 1
8 48 31
46 32 5
27 14 46
2 6 23
13 42 9
47 39 6
45 25 20
10 23 11
38 44 10
3 46 20
23 22 42
0 12 25
34 25 43
38 40 36
2 19 49
44 18 48
6 10 43
21 7 12
26 2 1
20 13 7
26 12 0
38 10 12
16 46 42
6 33 43
15 12 36
41 48 44
26 49 28
20 30 48
43 27 40
35 46 9
47 27 22
27 3 31
47 40 37
30 18 25
29 35 31
47 17 48
10 1 43
29 47 25
27 39 38
7 28 11
35 17 9
37 15 27
25 11 39
17 1 13
15 6 23
18 29 31
16 43 31
41 10 7
43 17 13
8 46 18
38 32 14
22 10 43
39 33 38
49 20 16
27 15 28
3 28 15
26 19 18
26 1 25
39 36 10
17 8 41
16 30 27
19 23 24
3 4 25
39 19 14
20 35 40
33 9 45
41 30 4
8 32 38
1 11 28
32 8 10
22 34 23
42 34 40
3 8 49
35 13 9
17 19 0
23 17 21
9 16 20
7 49 4
8 5 14
12 2 18
23 29 22
46 34 35
46 39 27
41 34 31
17 36 42
5 44 21
29 45 14
18 33 36
13 14 35
41 48 34
47 36 29
9 2 41
39 33 22
7 19 14
25 28 21
9 14 18
2 8 15
38 14 15
35 18 30
39 25 9
27 24 43
24 1 21
45 11 48
11 36 41
25 2 41
27 49 35
44 10 36
33 7 41
16 47 7
5 10 7
3 10 41
27 46 23
46 10 17
36 17 0
48 43 6
2 19 41
32 30 18
38 8 33
7 38 6
2 15 42
6 4 39
41 18 11
4 39 43
39 10 17
24 42 9
4 33 16
9 23 11
3 48 19
36 22 18
41 47 35
35 4 12
1 40 25
26 32 28
43 27 25
8 10 1
2 32 45
6 28 5
43 42 39
10 21 29
20 44 49
30 33 49
10 42 45
22 38 13
9 39 26
46 37 6
9 47 45
27 26 14
22 48 44
48 41 25
31 30 41
9 34 35
45 46 10
41 16 23
6 30 24
44 11 48
4 27 32
18 35 32
46 43 1
11 27 20
21 10 12
34 0 44
49 27 11
2 44 3
34 31 27
6 38 14
44 4 21
45 15 19
33 12 26
16 7 31
10 47 48
4 6 5
29 42 25
2 7 14
16 9 48
33 34 37
24 43 48
29 41 9
33 15 28
27 45 46
12 13 38
7 8 34
21 33 16
27 4 34
15 4 6
30 14 45
17 22 11
30 26 33
5 49 11
3 41 42
6 34 30
10 22 7
0 13 44
8 36 15
32 34 12
15 36 18
43 34 39
13 1 47
12 21 37
43 42 47
39 7 3
9 3 32
19 16 49
1 19 7
41 45 25
34 4 11
47 3 6
6 13 31
45 14 37
4 24 19
8 31 33
37 47 17
30 3 12
1 8 27
10 32 5
35 6 23
45 15 48
21 3 25
30 24 31
3 23 37
8 0 13
21 35 25
47 3 23
8 11 41
30 8 36
28 44 27
35 38 43
18 49 28
18 33 5
29 23 20
41 20 30
43 32 39
5 9 38
36 25 38
7 12 19
43 41 12
44 46 45
43 10 29
42 0 29
4 5 37
1 6 5
3 17 43
38 45 48
18 15 14
22 27 37
46 14 31
27 21 29
30 42 15
11 37 43
33 9 23
17 26 23
38 20 7
33 6 36
44 36 20
35 15 3
16 46 43
32 20 11
0 27 24
19 45 43
26 21 15
3 4 42
47 44 30
32 26 5
1 17 25
10 25 48
5 47 17
19 7 35
38 24 21
23 47 30
1 41 49
9 16 30
9 12 34
21 22 28
39 24 17
31 37 17
37 27 43
30 49 37
7 45 49
7 15 11
37 38 4
18 26 46
1 24 26
17 9 18
19 12 36
13 25 34
27 26 48
18 1 40
49 45 46
49 0 47
31 39 48
38 6 44
42 35 12
10 33 35
14 13 20
24 13 49
41 13 35
26 32 35
46 6 14
3 14 18
9 12 3
39 28 11
17 34 24
24 33 31
30 47 17
24 42 28
23 12 40
11 8 42
41 46 9
5 1 22
49 27 47
2 29 7
25 41 43
46 24 4
1 11 24
47 5 25
6 39 2
17 43 48
24 14 44
11 4 0
12 7 47
47 18 1
31 17 11
20 8 42
44 33 22
20 17 13
43 4 30
42 12 37
32 20 47
38 37 27
21 48 10
3 12 22
24 28 14
3 2 43
6 30 16
5 37 40
18 42 36
7 9 0
31 46 0
6 37 21
2 26 5
14 0 39
27 32 46
41 39 49
9 25 47
12 36 20
41 5 0
0 32 46
43 4 2
17 35 25
11 23 31
39 45 43
45 32 46
28 29 2
47 28 43
20 34 1
42 44 19
6 42 13
13 16 12
47 44 2
43 42 23
40 13 38
35 3 40
17 40 31
25 11 3
35 0 17
29 24 43
46 29 43
48 28 47
44 3 5
21 34 1
1 21 37
29 33 12
6 21 12
29 13 35
