35
9 10 32 22 12 29 30 14 6 28 4 26 16 23 31 0 1 13 11 5 17 19 27 34 8 25 33 2 21 18 20 3 24 7 15
500
33 18 23
28 26 2
5 18 13
23 31 17
6 29 18
17 24 29
21 31 18
8 13 29
27 6 34
25 4 20
13 16 27
3 11 26
13 10 21
20 2 29
9 18 3
5 20 12
27 33 20
17 27 32
6 14 5
30 5 25
1 11 16
30 26 2
4 19 29
18 25 17
14 31 7
20 19 16
20 7 19
18 2 8
19 8 21
20 27 26
6 25 7
29 15 10
22 33 15
15 28 30
10 14 2
25 12 3
16 28 27
11 23 19
28 13 12
3 7 10
0 1 26
16 30 23
4 21 20
24 21 5
12 6 11
11 25 31
0 31 15
16 33 14
6 26 0
16 21 14
10 30 14
12 33 3
11 4 17
21 2 30
17 5 6
4 10 1
4 26 30
25 3 23
22 32 10
8 33 11
13 34 0
26 10 20
6 25 12
31 33 18
15 18 33
9 30 4
26 6 34
0 11 6
30 0 20
28 10 25
16 34 22
18 16 24
16 27 2
20 16 28
11 25 7
9 11 8
4 22 18
8 21 26
16 11 20
28 19 24
14 0 30
13 8 32
26 8 18
13 17 10
0 30 10
14 26 33
11 6 3
1 31 20
18 15 8
21 5 13
12 34 3
4 13 10
29 26 16
19 31 21
26 28 0
14 1 8
8 17 11
11 17 22
16 28 31
27 4 28
12 19 33
23 9 21
18 3 29
17 26 25
34 13 28
4 5 22
21 7 15
8 5 12
29 34 20
8 29 7
12 14 7
6 14 11
22 9 17
12 18 9
11 14 15
24 7 18
18 19 3
13 0 20
18 17 13
6 1 11
27 28 29
14 6 13
7 11 32
5 10 20
30 26 15
1 29 20
13 3 9
7 25 28
10 22 24
18 21 26
23 18 4
17 2 3
26 2 14
26 4 20
24 34 6
23 17 27
28 14 11
30 17 9
1 18 7
0 10 7
33 28 9
31 19 22
4 5 29
26 6 12
22 32 9
23 18 26
34 24 22
21 11 23
24 1 30
2 0 7
6 9 2
2 29 22
24 7 0
10 11 34
21 22 10
30 9 25
30 13 21
25 30 33
14 18 10
25 24 7
23 15 30
11 25 12
3 20 18
11 3 28
18 19 9
30 18 29
7 24 28
0 5 16
32 10 6
25 22 18
26 4 2
34 21 11
11 2 15
30 2 9
32 19 27
13 4 20
15 0 9
34 21 6
20 33 14
11 24 29
34 7 30
18 5 32
11 13 33
13 23 20
13 21 6
5 6 29
8 16 3
32 17 24
0 23 15
8 19 31
5 30 20
34 27 10
11 5 31
4 27 3
1 19 8
34 26 14
17 29 8
12 27 8
5 14 30
2 11 13
15 8 22
23 7 30
29 26 34
30 33 24
10 9 8
3 31 12
6 30 17
27 11 22
14 28 29
17 20 13
0 22 13
30 14 31
2 6 20
3 1 16
33 24 11
21 1 10
5 27 10
19 0 32
24 7 16
25 21 3
27 5 32
22 34 3
11 32 17
13 12 21
2 15 9
26 4 3
16 12 10
29 26 24
27 23 21
27 12 18
30 17 32
19 12 2
32 6 3
25 8 13
21 2 23
4 10 8
5 4 21
6 13 3
25 18 8
22 16 20
29 4 1
19 13 25
26 17 8
32 22 20
9 32 8
23 34 2
20 24 30
19 14 32
31 28 18
17 1 27
4 23 8
13 22 10
30 6 8
15 33 16
8 27 1
24 11 22
5 25 4
13 5 10
7 21 6
32 12 11
16 11 15
7 23 28
23 26 20
19 8 18
10 9 32
12 17 7
23 22 3
26 29 27
23 19 34
14 8 33
17 1 25
5 3 13
31 9 25
32 26 0
17 5 9
10 17 24
22 4 10
0 28 18
27 15 4
2 15 16
27 32 25
34 0 25
16 32 2
30 13 10
4 6 25
11 20 32
4 27 33
8 21 9
7 28 30
23 1 13
14 28 27
25 18 13
24 7 13
0 13 15
10 12 18
22 28 24
0 18 12
1 19 32
27 20 0
7 15 9
5 8 7
26 13 8
2 8 15
14 4 30
32 23 21
31 32 25
26 30 20
8 31 16
6 29 32
6 26 11
30 2 20
3 5 14
1 5 34
11 0 25
15 2 1
2 33 34
17 23 21
20 3 27
10 30 3
25 31 26
11 23 32
20 18 24
5 2 24
30 6 32
21 34 7
4 6 5
31 34 28
0 4 7
13 1 24
10 17 34
27 21 20
19 10 24
18 16 32
23 9 18
16 0 20
2 8 11
12 27 22
14 22 31
1 18 24
30 19 20
22 31 34
7 11 22
19 16 7
15 8 17
4 26 34
9 12 20
34 33 11
17 19 10
19 6 9
2 34 19
13 25 26
29 34 3
24 26 12
12 28 34
10 1 2
10 32 13
27 22 32
13 16 34
11 1 21
13 18 10
29 26 15
5 34 7
4 2 32
21 33 20
21 3 17
16 19 29
31 5 17
6 28 16
33 18 9
30 12 1
23 14 13
8 22 9
16 11 27
25 2 9
15 8 12
6 9 7
3 20 25
29 14 13
5 1 30
17 12 8
17 29 15
8 15 11
20 21 19
25 24 19
5 14 2
9 19 3
6 14 8
15 18 12
6 31 1
2 17 9
13 25 10
7 25 13
28 1 15
8 4 20
21 14 24
3 19 14
20 13 1
18 19 13
25 3 9
16 8 15
6 1 34
0 30 25
32 13 3
2 7 23
18 19 5
10 17 18
0 8 4
18 30 3
20 23 30
22 3 7
32 22 25
26 2 20
18 20 7
17 29 20
17 15 14
33 20 32
4 6 19
13 21 31
6 24 15
17 1 23
8 27 19
8 29 33
31 3 10
17 7 10
1 12 9
33 14 9
5 23 33
17 33 10
20 33 3
4 11 18
7 29 10
24 25 22
8 24 13
3 8 22
29 14 9
19 2 9
34 5 6
26 19 21
27 10 7
4 11 20
23 0 12
12 4 19
14 9 26
23 26 10
31 6 20
21 5 28
26 28 11
17 14 29
18 12 32
1 16 24
17 16 9
8 0 32
13 5 7
4 23 11
0 6 33
15 18 1
3 31 14
4 21 15
1 26 22
28 2 32
22 14 32
33 13 26
31 17 2
26 2 7
14 33 32
25 34 29
3 4 22
11 1 10
33 14 15
0 15 14
21 6 15
31 9 8
20 11 10
23 18 20
3 33 7
32 14 3
24 3 32
7 12 9
0 25 29
5 17 25
16 8 2
16 17 2
25 34 24
22 10 8
1 21 32
23 28 20
26 30 12
4 16 20
14 32 18
22 4 0
11 15 0
19 27 23
2 17 29
29 26 20
9 6 8
12 11 5
21 23 3
31 1 28
8 2 22
28 30 17
