35
0 1 2 3 4 5 6 7 8 9 10 11 12 13 14 15 16 17 18 19 20 21 22 23 24 25 26 27 28 29 30 31 32 33 34
85
5 20 21
14 25 29
2 10 18
32 26 13
25 13 32
16 23 11
20 29 10
29 16 7
22 20 23
34 31 3
2 10 19
23 24 33
22 20 8
8 16 31
23 18 15
31 34 17
15 24 27
30 31 16
33 21 14
17 20 12
6 20 2
18 20 22
33 10 4
17 13 26
18 26 28
21 28 9
27 15 30
0 21 25
19 12 5
20 3 0
5 4 24
2 30 34
11 20 6
34 12 1
4 9 20
26 23 0
33 15 10
14 30 1
27 13 6
1 20 22
24 34 16
21 3 25
23 6 30
11 0 29
34 15 11
21 11 32
0 16 19
16 28 8
7 8 18
21 18 17
29 27 13
11 26 34
32 7 3
25 12 4
30 18 15
13 2 28
31 19 7
4 19 26
19 16 14
28 21 2
4 5 20
0 16 21
15 27 5
22 28 12
25 6 27
9 22 33
33 23 9
21 2 24
1 5 23
18 0 31
13 6 31
20 23 14
12 23 5
30 17 10
24 15 3
24 12 8
19 16 21
19 11 4
21 8 25
22 25 11
11 6 24
6 2 28
28 27 13
19 25 16
15 34 0
