50
0 1 2 3 4 5 6 7 8 9 10 11 12 13 14 15 16 17 18 19 20 21 22 23 24 25 26 27 28 29 30 31 32 33 34 35 36 37 38 39 40 41 42 43 44 45 46 47 48 49
121
12 37 11
39 43 13
5 29 31
26 33 12
38 27 23
6 4 34
1 40 41
45 20 10
10 12 27
48 21 6
18 26 44
13 46 5
11 32 2
18 27 17
37 45 1
16 13 39
38 27 21
29 12 42
30 0 38
6 1 48
2 38 45
27 48 20
21 37 40
48 27 7
21 44 49
20 21 30
31 18 4
27 32 33
8 7 26
12 20 46
16 30 43
8 35 0
20 1 25
22 16 29
20 21 35
23 36 16
21 22 3
41 46 19
47 39 24
23 3 37
43 26 14
28 4 32
25 22 36
16 38 15
26 35 22
23 31 47
29 44 18
16 43 8
16 18 28
44 12 9
14 2 36
30 29 15
21 40 16
0 30 35
9 2 49
26 35 24
8 17 38
36 49 21
16 13 34
14 9 26
22 48 20
12 24 45
31 41 46
24 49 11
27 0 37
40 26 47
26 29 30
24 30 22
40 16 4
25 11 43
5 17 29
20 38 41
18 1 27
15 19 25
19 17 6
38 15 12
41 38 7
46 25 23
20 5 33
13 38 9
12 17 42
30 29 39
39 14 0
13 16 28
25 3 48
46 48 10
22 39 5
25 34 17
14 47 13
45 48 19
39 21 44
39 46 18
16 34 3
12 23 1
8 36 2
20 30 14
24 14 40
9 13 32
17 2 31
21 17 8
39 25 13
13 41 0
24 1 33
4 11 31
38 35 14
36 23 4
47 43 21
33 22 18
27 22 3
14 33 48
28 24 32
18 26 29
34 35 39
34 19 43
29 24 34
34 22 19
36 33 20
8 7 38
49 21 15
13 28 9
25 45 16
